3.835225117282755475e-02
3.958697576483040381e-02
4.533175785493329113e-02
3.822517818275638496e-02
4.159830046985273783e-02
4.089942846583585062e-02
3.641056151297699522e-02
4.318316468017884685e-02
3.718970483350621942e-02
3.673738673140099220e-02
2.905459024009688501e-02
3.219332357837401126e-02
3.427414244378648028e-02
3.917437508643738242e-02
3.554683989052992432e-02
4.150452345105797719e-02
4.365155814937998063e-02
4.748176979530786823e-02
5.300624760007072167e-02
5.025419420882975413e-02
4.989383011337775176e-02
4.795567559505329452e-02
4.722210612853888767e-02
5.056469799351065442e-02
4.864157163544206852e-02
4.986182037028989017e-02
4.667553815809264567e-02
4.819228827332214943e-02
4.624621865365435153e-02
4.697367754511310584e-02
4.888938360429572610e-02
4.763235268908132258e-02
4.525935047988836196e-02
4.633815115332863555e-02
4.701663708831147620e-02
4.712747344189602977e-02
4.933813641256180188e-02
5.094197323699723584e-02
4.974584348295860853e-02
4.974021407128127042e-02
5.277550831237937806e-02
5.587831275732713099e-02
5.440428539995074281e-02
5.666030545810526314e-02
5.471644871272290933e-02
5.640988877370999022e-02
5.910096062892848667e-02
5.661670401200908503e-02
5.499619233918342370e-02
5.620149518784137155e-02
5.438618940378883021e-02
5.519786436141124047e-02
5.676135428349578238e-02
5.770192762751694820e-02
4.995989109987696714e-02
5.420675500735851887e-02
5.380101954209538101e-02
5.288744580256325017e-02
4.967079196626397741e-02
5.084541308742100002e-02
5.120524903674043143e-02
5.048183695120127268e-02
4.886602901259779613e-02
4.749315964773662829e-02
4.664756722171710390e-02
4.569333430076719105e-02
4.545626591733498839e-02
4.408755509771061093e-02
4.149859309604037733e-02
4.018408683079974925e-02
4.071109872289729870e-02
4.058270130403734965e-02
4.248013347211096469e-02
4.561423481931916463e-02
4.668506772923653597e-02
4.720941260238205317e-02
4.915886968626959064e-02
4.696219785165649946e-02
4.719877503734246083e-02
4.660698990206754017e-02
4.548065499360667147e-02
4.682090575620428269e-02
4.604245249225174391e-02
4.590940235413917825e-02
4.562925280007192747e-02
4.764331284815634393e-02
4.732698512465255414e-02
4.811716922428868615e-02
4.876752519473207675e-02
5.018556731457763515e-02
4.962479183502124108e-02
5.035543408121462283e-02
5.035543408121462283e-02
5.147484815717084938e-02
5.198825385737338572e-02
5.074690914910631734e-02
5.213941391309975804e-02
5.213941391309975804e-02
5.115247733241457678e-02
5.213941391309975804e-02
5.460391082420228831e-02
