1.778856903376275778e+00
1.681885451748544202e+00
1.644256796389244268e+00
1.611657263667806150e+00
1.604098532413717804e+00
1.594815974802925584e+00
1.584457429997095046e+00
1.578452349988004544e+00
1.577190759150119082e+00
1.560378682767335601e+00
1.553963678904088264e+00
1.549133278057384100e+00
1.534338147516721707e+00
1.528580925451154870e+00
1.532714939958484068e+00
1.523590259845622352e+00
1.516396532732069868e+00
1.518354284306511648e+00
1.512979638047270203e+00
1.495569187875247730e+00
1.487864302062921196e+00
1.484307008391584137e+00
1.483317391413297992e+00
1.477698990151983915e+00
1.475964422218503547e+00
1.466754066565918890e+00
1.470731114354092872e+00
1.460973322252829831e+00
1.454668443735233518e+00
1.457499901459079039e+00
1.447502360755633877e+00
1.442904457610635571e+00
1.446765781416920804e+00
1.450280996131772415e+00
1.444367664655561212e+00
1.438860111504759010e+00
1.440571252380912659e+00
1.439186062305549463e+00
1.438529564370003122e+00
1.430398498363981696e+00
1.431583351053483222e+00
1.439989026697165553e+00
1.440672469898966135e+00
1.438828787962403322e+00
1.439837465143782191e+00
1.430450127246436276e+00
1.425841492665821386e+00
1.423223183216548726e+00
1.422479148435731977e+00
1.422870507915941607e+00
1.420778948591183255e+00
1.415985873898615965e+00
1.421285585992210887e+00
1.416191207887782300e+00
1.418376758832770923e+00
1.406858756201277538e+00
1.408553525892430436e+00
1.408736058850269757e+00
1.401169704152342987e+00
1.403351819315537208e+00
1.399045150983359243e+00
1.395708503859176997e+00
1.396992475963265923e+00
1.403233816958287861e+00
1.392318977780779177e+00
1.392481827031067931e+00
1.388376819845614563e+00
1.384751708138487469e+00
1.390357710714028361e+00
1.380959645859699103e+00
1.393625384361101061e+00
1.382136134461289023e+00
1.384716280731289384e+00
1.381091598166485745e+00
1.383072003740889677e+00
1.385704785991991761e+00
1.378538960363627774e+00
1.378376111113339242e+00
1.386329460098812083e+00
1.377778008923946418e+00
1.372611590944252669e+00
1.379161332978730226e+00
1.392943473296090362e+00
1.376910593621209378e+00
1.372439442723531799e+00
1.370981786703831640e+00
1.372001515175008457e+00
1.369833338780385823e+00
1.373361607733943002e+00
1.375343594685430215e+00
1.369738012862424137e+00
1.372020933291677514e+00
1.383368670913593723e+00
1.372284540008472220e+00
1.381561826629640333e+00
1.368962763623014167e+00
1.368799914372725635e+00
1.367042857936462630e+00
1.371478992962795740e+00
1.364049335907651095e+00
1.366595863053698956e+00
