5.449751781963402958e-02
5.980693125549343958e-02
5.763642419308071668e-02
5.755711729727190640e-02
5.732950371092327552e-02
5.777140192107418221e-02
5.849945380314060250e-02
6.019153416016448377e-02
6.236569209698199223e-02
6.250263569843965417e-02
6.044133160249798992e-02
5.976912913967857843e-02
5.987152527827188653e-02
6.040904752611000322e-02
6.086490426777027563e-02
6.295430812236169071e-02
6.416967822904882934e-02
6.615776277505935887e-02
6.767376006845064740e-02
6.945445978194060566e-02
7.076017678721518989e-02
7.173130726490752063e-02
7.246971271076174670e-02
7.179200515736244848e-02
7.187987455922448254e-02
7.153526912241460478e-02
7.151711488410696094e-02
7.131241424393250372e-02
7.095433809837480010e-02
7.104487376487994554e-02
7.162482306026525525e-02
7.257272610575310479e-02
7.297786535856586043e-02
7.295373772790850198e-02
7.268805318467139176e-02
7.243328886817894385e-02
7.255201785182756324e-02
7.268142973735250423e-02
7.241300211259907305e-02
7.205733197411565150e-02
7.171851254314218216e-02
7.188083987090282401e-02
7.237392132747665074e-02
7.225961996472791971e-02
7.223896421329130402e-02
7.179860768929638426e-02
7.137353929198902991e-02
7.120177712526519487e-02
7.087473763691130857e-02
7.080000798452296129e-02
7.089429729557183979e-02
7.081487929694066374e-02
7.054145409877775330e-02
7.051243693916260658e-02
7.098646594541242749e-02
7.097910975736367034e-02
7.095216598576593869e-02
7.106610315249732579e-02
7.110997204856331355e-02
7.120094256047732051e-02
7.144748769493361462e-02
7.201797017320184235e-02
7.260744804799425245e-02
7.321511708946153163e-02
7.474386895071956360e-02
7.506885327834000865e-02
7.500928773805005945e-02
7.505176958838542800e-02
7.523133706275776655e-02
7.555921058936396206e-02
7.518770649796660543e-02
7.495732347078129520e-02
7.463166826443404234e-02
7.440196435139397046e-02
7.401701929695411741e-02
7.399629116900668935e-02
7.430660304138071715e-02
7.459132249839001139e-02
7.475335500873955819e-02
7.513595501712784508e-02
7.548669154101722567e-02
7.543810375518436584e-02
7.543680829553225942e-02
7.537908128233886118e-02
7.484498095593956901e-02
7.412519851246118785e-02
7.346826239396367364e-02
7.297188897027337418e-02
7.257146628698954438e-02
7.196386041080181373e-02
7.151819248388092964e-02
7.142986975435679231e-02
7.136971309308105804e-02
7.100792682148709956e-02
7.078722096722665780e-02
7.117476482888833444e-02
7.129595347100964320e-02
7.132459504713337117e-02
7.096930917868515820e-02
7.040390067669827223e-02
7.017696056068800647e-02
