5.478326288761087293e-01
-1.250023987006069204e-01
-3.487630812420561832e-01
-4.801075493328433308e-01
-5.759745254810693105e-01
-6.505953895451714875e-01
-7.122883233786178048e-01
-7.619662999065869302e-01
-8.079563695866897044e-01
-8.455381961993865270e-01
-8.800110108492601446e-01
-9.094013710686604801e-01
-9.343611993477514144e-01
-9.567837734305595365e-01
-9.790082400342081659e-01
-9.998606588347671575e-01
-1.016658735376360312e+00
-1.034004187086227100e+00
-1.050943097431618511e+00
-1.066322019288759027e+00
-1.080511966741952268e+00
-1.094320510586856532e+00
-1.107884758434272587e+00
-1.118941205799538929e+00
-1.131291760390433110e+00
-1.142937227364530850e+00
-1.154108001804209582e+00
-1.164497802497468815e+00
-1.173574371935401039e+00
-1.183377047561684048e+00
-1.190881571410019379e+00
-1.199348542482044477e+00
-1.208587841231234528e+00
-1.216387619766546635e+00
-1.224044479728557011e+00
-1.230629491192446689e+00
-1.237274569478854502e+00
-1.244409463969407437e+00
-1.251033083523996892e+00
-1.257558243297324685e+00
-1.263675038586951960e+00
-1.269192743614265373e+00
-1.273990670699809202e+00
-1.279596553690373284e+00
-1.284812052939144467e+00
-1.289529047021312547e+00
-1.293792383829305503e+00
-1.298062880051081391e+00
-1.302580923819493863e+00
-1.306806053191684081e+00
-1.310740945574848437e+00
-1.315117001469693347e+00
-1.319179226488174539e+00
-1.323249635960495052e+00
-1.327750176656174563e+00
-1.332133989549652897e+00
-1.336246943905761153e+00
-1.339798646117700276e+00
-1.343176652053741815e+00
-1.347184203410024539e+00
-1.350750245339124467e+00
-1.354072729467955982e+00
-1.357379197687881511e+00
-1.361053802492559583e+00
-1.365372921427443709e+00
-1.368666364913090794e+00
-1.371713811319226872e+00
-1.373971748154595218e+00
-1.376614941975349282e+00
-1.379111702058434030e+00
-1.382819075941900344e+00
-1.385821982127446228e+00
-1.388792800925308990e+00
-1.391558781000364897e+00
-1.394133921494112860e+00
-1.396695992553471433e+00
-1.399138112218880625e+00
-1.401856961415173908e+00
-1.404395529016750688e+00
-1.407123071233761902e+00
-1.409782793227175368e+00
-1.412411728137413558e+00
-1.415073863278711652e+00
-1.417997890799141958e+00
-1.420928298978883841e+00
-1.424190411489701713e+00
-1.427611098151161162e+00
-1.430838776536524248e+00
-1.433567520890232982e+00
-1.435980417643289542e+00
-1.438136394188804790e+00
-1.439678291226433426e+00
-1.440981119851762582e+00
-1.442040560539213478e+00
-1.443863586254002129e+00
-1.445566515087855608e+00
-1.447341160936748583e+00
-1.449160106030847661e+00
-1.451162629285366545e+00
-1.453102766094205522e+00
-1.455185899189424203e+00
